cam0:
  cam_overlaps: [1]
  camera_model: pinhole
  distortion_coeffs: [0.13735036847990176, -0.2804425211210817, -0.0007118131836913909, 0.00027846885950763204]
  distortion_model: radtan
  intrinsics: [622.2554591700176, 620.1726459599628, 321.54610168640534, 244.90434552077687]
  resolution: [640, 480]
  rostopic: /camera/color/image_raw
cam1:
  T_cn_cnm1:
  - [0.9999609282420163, 0.00813129874533093, -0.003467559672302894, -0.06654193415352304]
  - [-0.008133989057073373, 0.999966627884706, -0.0007624558420443228, -4.893314164785212e-07]
  - [0.003461244196269933, 0.0007906311439834492, 0.999993697325643, 0.0004436660285106997]
  - [0.0, 0.0, 0.0, 1.0]
  cam_overlaps: [0]
  camera_model: pinhole
  distortion_coeffs: [0.020239154239318994, -0.007802516660634689, -0.000176047930143013, 0.0009532253277313342]
  distortion_model: radtan
  intrinsics: [389.86182977663344, 388.73044082184634, 320.4733726792427, 239.99365755199915]
  resolution: [640, 480]
  rostopic: /camera/infra2/image_rect_raw
